N         -5.15704578      0.47796160      0.00001281
C         -5.24563668     -0.82353530     -0.00001680
H         -6.18904559     -1.35157661      0.00015038
N         -4.03249114     -1.56426936      0.00013645
C         -3.13937479     -0.60867090     -0.00000670
C         -1.70559628     -0.62494755     -0.00007977
N         -1.00044073     -1.73656800     -0.00002297
H          0.04977095     -1.72275512     -0.00006371
H         -1.50059780     -2.61591943      0.00007498
N         -1.05673951      0.57320939     -0.00019495
C         -1.77246212      1.67997127     -0.00023422
H         -1.20917504      2.60707201     -0.00032208
N         -3.13862645      1.82566700     -0.00017745
C         -3.78719555      0.69578929     -0.00006576
N          4.11731648      1.53363400      0.00003897
C          4.61611229      0.31632935      0.00018639
H          5.70307556      0.25175871      0.00029318
C          3.88531060     -0.88295043      0.00022243
C          4.52281220     -2.22436446      0.00039330
H          5.61002170     -2.14561375      0.00049412
H          4.20898751     -2.80718389      0.87290097
H          4.20916005     -2.80732434     -0.87208268
C          2.44753861     -0.76913041      0.00006729
O          1.68530254     -1.75885101      0.00005288
N          1.96315444      0.50864535     -0.00006703
H          0.94473705      0.63568110     -0.00020041
C          2.73857914      1.67607055     -0.00003357
O          2.18302870      2.76141763     -0.00029303