N         -4.67432627      0.48827270     -0.01196255
C         -4.96889666     -0.86490292     -0.01638855
H         -5.98744732     -1.22161636     -0.02375555
N         -3.90368953     -1.61205696     -0.01075655
C         -2.84695660     -0.71894049     -0.00201055
C         -1.43638236     -0.92929355      0.00570545
O         -0.81072931     -1.99463643      0.00634345
N         -0.73646003      0.28957496      0.01267745
H          0.29143001      0.20714807      0.01383445
C         -1.30009046      1.53920657      0.01309445
N         -0.45197923      2.58732445      0.02818045
H          0.56200978      2.47724385      0.00734045
H         -0.86051551      3.50518083      0.00419145
N         -2.60485844      1.74249605      0.00429645
C         -3.30963951      0.59639702     -0.00260755
N          4.33406790      0.94296562     -0.01459255
C          4.93886873     -0.27212804     -0.00974455
H          6.02101885     -0.27560586     -0.01418655
C          4.19935722     -1.40195311     -0.00013855
H          4.66484802     -2.37632633      0.00348245
C          2.76798848     -1.24818851      0.00469845
N          1.97015925     -2.31737243      0.01354345
H          0.94096274     -2.20655608      0.01265345
H          2.36644810     -3.24156118      0.01487245
N          2.19319660     -0.04360119      0.00077645
C          2.93597358      1.08901037     -0.00969955
O          2.46537168      2.22633976     -0.01522155